순위,선수명,팀명,경기,도루시도,도루허용,도루저지,도루성공률,주루사,견제사
1,김도영,KIA,137,44,40,4,90.9,5,1
2,최원준,KIA,132,30,21,9,70.0,3,1
3,박찬호,KIA,131,32,20,12,62.5,4,1
4,소크라테스,KIA,140,18,13,5,72.2,11,1
5,이우성,KIA,108,8,7,1,87.5,5,0
6,김선빈,KIA,116,6,5,1,83.3,1,0
6,홍종표,KIA,100,7,5,2,71.4,0,0
8,이창진,KIA,99,7,4,3,57.1,1,0
9,김호령,KIA,60,5,3,2,60.0,1,0
9,서건창,KIA,91,4,3,1,75.0,5,0
11,김규성,KIA,25,1,1,0,100,0,0
11,변우혁,KIA,65,1,1,0,100,0,0
11,최형우,KIA,116,2,1,1,50.0,1,0
14,고종욱,KIA,24,0,0,0,-,0,0
14,곽도규,KIA,1,0,0,0,-,0,0
14,김두현,KIA,1,0,0,0,-,0,0
14,김사윤,KIA,1,0,0,0,-,0,0
14,김승현,KIA,1,0,0,0,-,0,0
14,김태군,KIA,103,0,0,0,-,3,0
14,나성범,KIA,102,0,0,0,-,1,0
14,박민,KIA,16,1,0,1,0.0,0,0
14,박정우,KIA,63,1,0,1,0.0,1,0
14,예진원,KIA,22,0,0,0,-,0,0
14,윤도현,KIA,2,0,0,0,-,0,0
14,이형범,KIA,1,0,0,0,-,0,0
14,전상현,KIA,1,0,0,0,-,0,0
14,정해영,KIA,1,0,0,0,-,0,0
14,최정용,KIA,2,0,0,0,-,0,0
14,최지민,KIA,1,0,0,0,-,0,0
14,한승택,KIA,17,0,0,0,-,0,0
14,한준수,KIA,111,0,0,0,-,2,0
14,황대인,KIA,3,0,0,0,-,0,0
14,황동하,KIA,1,0,0,0,-,0,0
